1 159 706.17 1557.05 151 608.52 1549.87 98.4575
2 151 608.52 1549.87 43 605.65 1559.92 10.4545
3 151 608.52 1549.87 147 551.08 1525.46 63.1370
4 160 713.87 1524.06 159 706.17 1557.05 33.8799
5 131 354.24 1522.67 38 352.91 1559.92 37.2825
6 141 462.33 1522.59 147 551.08 1525.46 88.7940
7 141 462.33 1522.59 40 458.89 1559.35 36.9239
8 131 354.24 1522.67 141 462.33 1522.59 108.0959
9 120 257.84 1521.44 131 354.24 1522.67 96.4046
10 120 257.84 1521.44 36 256.69 1551.31 29.8918
11 111 18.31 1521.15 120 257.84 1521.44 239.5323
12 154 637.24 1521.15 160 713.87 1524.06 76.6783
13 147 551.08 1525.46 154 637.24 1521.15 86.2702
14 111 18.31 1521.15 4 -0.65 1520.29 18.9753
15 93 1347.16 1516.88 30 1558.46 1523.31 211.4013
16 111 18.31 1521.15 9 1.08 1512.54 19.2665
17 77 1184.38 1473.76 81 1220.28 1476.63 36.0157
18 63 1112.57 1468.02 77 1184.38 1473.76 72.0316
19 56 1069.49 1468.02 63 1112.57 1468.02 43.0813
20 177 98.73 1460.84 111 18.31 1521.15 100.6892
21 177 98.73 1460.84 1 -0.36 1456.53 99.1806
22 107 153.30 1434.99 177 98.73 1460.84 60.3822
23 107 153.30 1434.99 98 140.37 1410.58 27.6228
24 154 637.24 1521.15 133 360.09 1390.47 320.7162
25 133 360.09 1390.47 131 354.24 1522.67 132.3260
26 133 360.09 1390.47 107 153.30 1434.99 213.3854
27 98 140.37 1410.58 35 222.23 1361.75 118.9985
28 98 140.37 1410.58 21 130.32 1324.41 94.6168
29 95 1350.24 1303.59 26 1557.03 1312.21 206.9697
30 93 1347.16 1516.88 95 1350.24 1303.59 231.6357
31 95 1350.24 1303.59 92 1314.13 1302.91 36.1127
32 174 952.25 1519.75 173 947.94 1278.49 299.7535
33 94 1347.37 1256.20 95 1350.24 1303.59 50.0423
34 92 1314.13 1302.91 94 1347.37 1256.20 62.6425
35 155 645.14 1250.46 134 364.39 1324.41 295.6658
36 155 645.14 1250.46 148 554.67 1240.40 91.0275
37 144 523.80 1239.40 148 554.67 1240.40 30.8913
38 134 364.39 1324.41 89 128.60 1238.25 255.8570
39 89 128.60 1238.25 79 12.56 1217.57 117.8606
40 82 1233.20 1215.27 78 1192.99 1210.97 40.4394
41 78 1192.99 1210.97 67 1135.55 1209.53 57.4597
42 157 673.86 1204.50 148 554.67 1240.40 124.4810
43 65 112.51 1201.49 121 259.56 1215.27 147.6957
44 162 72.30 1196.89 65 112.51 1201.49 40.4710
45 162 72.30 1196.89 89 128.60 1238.25 70.1783
46 79 12.56 1217.57 162 72.30 1196.89 63.8124
47 162 72.30 1196.89 0 -0.07 1188.85 72.8220
48 169 870.60 1167.17 157 673.86 1204.50 200.2496
49 84 1233.92 1126.96 82 1233.20 1215.27 88.3196
50 70 1159.24 1121.21 84 1233.92 1126.96 74.8948
51 145 531.26 1100.96 157 673.86 1204.50 246.2131
52 145 531.26 1100.96 144 523.80 1239.40 138.6359
53 123 268.18 1083.73 121 259.56 1215.27 131.8235
54 71 116.53 1069.95 123 268.18 1083.73 152.2716
55 65 112.51 1201.49 71 116.53 1069.95 131.6031
56 96 1371.57 1055.91 27 1557.17 1083.73 187.6726
57 96 1371.57 1055.91 94 1347.37 1256.20 282.6439
58 138 38.41 1013.65 7 0.50 1020.55 38.5331
59 71 116.53 1069.95 75 118.83 996.42 73.5613
60 138 38.41 1013.65 75 118.83 996.42 82.2441
61 75 118.83 996.42 102 146.40 989.53 28.4206
62 102 146.40 989.53 117 242.91 966.55 99.1998
63 125 275.07 961.96 123 268.18 1083.73 122.4276
64 117 242.91 966.55 125 275.07 961.96 32.4940
65 163 733.60 976.92 146 542.26 953.23 192.7985
66 146 542.26 953.23 145 531.26 1100.96 148.1433
67 142 503.65 949.79 146 542.26 953.23 38.7630
68 142 503.65 949.79 139 388.81 939.55 115.2968
69 125 275.07 961.96 139 388.81 939.55 115.9199
70 51 1027.13 946.02 57 1084.57 924.48 61.3478
71 57 1084.57 924.48 58 1085.29 811.75 112.7317
72 69 1155.65 807.44 58 1085.29 811.75 70.4978
73 69 1155.65 807.44 85 1234.64 803.13 79.0998
74 126 29.22 767.80 138 38.41 1013.65 246.0224
75 126 29.22 767.80 6 -0.65 770.10 29.9580
76 102 146.40 989.53 105 151.57 751.14 238.4394
77 105 151.57 751.14 126 29.22 767.80 123.4797
78 117 242.91 966.55 119 251.52 739.66 227.0584
79 105 151.57 751.14 119 251.52 739.66 100.6067
80 139 388.81 939.55 137 378.47 720.70 219.0984
81 119 251.52 739.66 137 378.47 720.70 128.3537
82 137 378.47 720.70 136 376.17 680.49 40.2748
83 143 516.33 663.26 142 503.65 949.79 286.8107
84 136 376.17 680.49 143 516.33 663.26 141.2133
85 105 151.57 751.14 97 139.51 648.32 103.8576
86 143 516.33 663.26 153 630.58 645.20 115.6661
87 153 630.58 645.20 164 748.33 629.40 118.8104
88 165 762.00 627.51 163 733.60 976.92 350.5589
89 165 762.00 627.51 164 748.33 629.40 13.8005
90 100 1434.82 602.95 25 1539.37 926.92 402.9360
91 100 1434.82 602.95 23 1429.08 747.70 144.8672
92 90 1282.03 587.72 100 1434.82 602.95 153.5514
93 90 1282.03 587.72 19 1268.24 718.98 131.9764
94 54 1054.93 587.04 58 1085.29 811.75 226.7944
95 54 1054.93 587.04 51 1027.13 946.02 360.0520
96 54 1054.93 587.04 165 762.00 627.51 295.7077
97 100 1434.82 602.95 29 1557.75 590.31 142.6452
98 97 139.51 648.32 91 129.17 573.65 75.3867
99 66 1129.81 570.49 69 1155.65 807.44 238.3530
100 54 1054.93 587.04 66 1129.81 570.49 76.6863
101 126 29.22 767.80 5 -0.65 569.05 201.0602
102 91 129.17 573.65 115 207.29 558.71 79.5356
103 85 1234.64 803.13 80 1211.66 548.95 255.2667
104 66 1129.81 570.49 80 1211.66 548.95 84.6413
105 87 1278.23 547.55 90 1282.03 587.72 40.3539
106 80 1211.66 548.95 87 1278.23 547.55 66.5857
107 108 1536.00 545.39 87 1278.23 547.55 257.7788
108 108 1536.00 545.39 33 1558.98 544.90 22.9844
109 115 207.29 558.71 97 139.51 648.32 364.9171
110 91 129.17 573.65 74 118.63 513.80 60.7706
111 115 207.29 558.71 114 196.17 500.88 58.8974
112 114 196.17 500.88 74 118.63 513.80 78.6160
113 132 36.77 482.21 3 -0.57 489.39 38.0213
114 74 118.63 513.80 60 110.01 467.85 46.7542
115 60 110.01 467.85 132 36.77 482.21 74.6328
116 113 189.71 451.33 114 196.17 500.88 49.9632
117 60 110.01 467.85 113 189.71 451.33 81.3934
118 136 376.17 680.49 129 334.75 445.59 238.8701
119 140 409.42 425.48 129 334.75 445.59 77.3333
120 54 1054.93 587.04 53 1033.39 424.77 163.7122
121 129 334.75 445.59 128 326.13 418.30 28.6130
122 128 326.13 418.30 113 189.71 451.33 140.3655
123 66 1129.81 570.49 61 1106.62 414.71 157.4920
124 61 1106.62 414.71 53 1033.39 424.77 73.9248
125 164 748.33 629.40 161 718.17 411.12 220.3520
126 76 1184.17 403.23 80 1211.66 548.95 148.2945
127 61 1106.62 414.71 76 1184.17 403.23 78.3928
128 106 1513.02 400.35 32 1558.98 403.23 46.0430
129 106 1513.02 400.35 108 1536.00 545.39 146.8491
130 150 592.52 378.81 153 630.58 645.20 269.0906
131 150 592.52 378.81 140 409.42 425.48 188.9503
132 53 1033.39 424.77 50 1020.46 368.76 57.4777
133 161 718.17 411.12 48 931.43 406.10 254.7910
134 132 36.77 482.21 2 -0.57 352.96 134.5290
135 161 718.17 411.12 158 700.94 349.37 64.1093
136 158 700.94 349.37 150 592.52 378.81 112.3469
137 76 1184.17 403.23 73 1175.55 345.78 58.0844
138 170 888.35 299.83 50 1020.46 368.76 149.0168
139 158 700.94 349.37 170 888.35 299.83 193.8420
140 104 1490.05 278.29 106 1513.02 400.35 124.2074
141 104 1490.05 278.29 28 1557.54 276.85 67.5093
142 178 996.05 272.55 50 1020.46 368.76 99.2637
143 170 888.35 299.83 178 996.05 272.55 111.1056
144 116 24.56 263.21 10 1.59 270.39 24.0725
145 55 1069.29 255.31 61 1106.62 414.71 163.7153
146 178 996.05 272.55 55 1069.29 255.31 75.2383
147 149 579.60 249.57 44 637.04 275.42 201.1748
148 172 94.93 238.80 116 24.56 263.21 74.4807
149 68 1145.40 232.34 73 1175.55 345.78 117.3873
150 55 1069.29 255.31 68 1145.40 232.34 79.5028
151 156 667.19 226.59 158 700.94 349.37 127.3351
152 156 667.19 226.59 149 579.60 249.57 90.9482
153 124 268.69 211.51 128 326.13 418.30 214.8200
154 112 181.09 205.77 172 94.93 238.80 92.2763
155 156 667.19 226.59 166 770.59 205.05 105.6151
156 86 1261.72 202.18 73 1175.55 345.78 167.4700
157 86 1261.72 202.18 68 1145.40 232.34 120.1652
158 116 24.56 263.21 8 0.87 200.74 66.8108
159 149 579.60 249.57 39 435.99 324.24 285.5772
160 140 409.42 425.48 130 339.06 188.54 247.1748
161 130 339.06 188.54 124 268.69 211.51 74.0224
162 122 260.08 178.48 124 268.69 211.51 34.1344
163 122 260.08 178.48 112 181.09 205.77 83.5624
164 178 996.05 272.55 176 970.20 169.15 106.5773
165 170 888.35 299.83 176 970.20 169.15 154.1993
166 168 826.60 156.23 166 770.59 205.05 80.6719
167 103 1464.20 151.92 104 1490.05 278.29 128.9884
168 86 1261.72 202.18 103 1464.20 151.92 208.6271
169 103 1464.20 151.92 31 1558.98 147.61 94.8767
170 130 339.06 188.54 135 364.91 139.71 71.2209
171 118 244.28 131.10 122 260.08 178.48 49.9529
172 171 938.61 126.07 46 865.37 186.38 116.0927
173 171 938.61 126.07 168 826.60 156.23 116.0000
174 175 960.15 117.45 176 970.20 169.15 52.6658
175 64 1119.55 113.14 86 1261.72 202.18 167.7469
176 68 1145.40 232.34 64 1119.55 113.14 121.9623
177 127 311.77 108.12 118 244.28 131.10 71.2978
178 135 364.91 139.71 127 311.77 108.12 85.0514
179 55 1069.29 255.31 52 1029.08 95.91 164.3941
180 52 1029.08 95.91 175 960.15 117.45 76.3929
181 103 1464.20 151.92 101 1439.79 82.99 73.1255
182 62 1109.50 81.55 64 1119.55 113.14 33.1537
183 52 1029.08 95.91 62 1109.50 81.55 86.2048
184 72 1168.37 70.06 17 1187.04 116.02 49.6007
185 167 789.26 54.27 168 826.60 156.23 108.5805
186 166 770.59 205.05 167 789.26 54.27 202.2033
187 101 1439.79 82.99 99 1426.86 52.83 32.8098
188 152 615.50 51.39 156 667.19 226.59 182.6657
189 135 364.91 139.71 152 615.50 51.39 265.6972
190 101 1439.79 82.99 110 1560.41 37.03 133.1344
191 167 789.26 54.27 171 938.61 126.07 217.1013
192 99 1426.86 52.83 88 1278.95 19.80 202.1199
193 88 1278.95 19.80 72 1168.37 70.06 121.4625
194 172 94.93 238.80 42 6.61 2.57 252.1985
195 118 244.28 131.10 34 200.48 2.57 135.7840
196 127 311.77 108.12 37 273.72 2.57 112.2000
197 88 1278.95 19.80 20 1271.77 2.57 18.6686
198 110 1560.41 37.03 109 1547.49 2.57 36.8087
199 109 1547.49 2.57 24 1464.20 28.42 87.2094
200 52 1029.08 95.91 11 1001.07 1.85 98.1408
201 62 1109.50 81.55 13 1088.67 1.85 82.3756
202 175 960.15 117.45 47 924.96 0.42 122.2114
203 112 181.09 205.77 49 97.09 -0.30 222.5381
204 152 615.50 51.39 41 598.26 -0.30 54.4940
205 99 1426.86 52.83 22 1411.07 -0.30 55.4320
206 72 1168.37 70.06 15 1136.78 -1.74 78.4453
207 174 952.25 1519.75 93 1347.16 1516.88 394.9224
208 83 1233.27 1297.52 92 1314.13 1302.91 81.0409
209 173 947.94 1278.49 83 1233.27 1297.52 285.9631
210 121 259.56 1215.27 144 523.80 1239.40 265.3312
211 134 364.39 1324.41 139 388.81 939.55 385.8143
212 56 1069.49 1468.02 12 1054.41 1557.77 91.0105
213 63 1112.57 1468.02 14 1106.11 1559.21 91.6727
214 77 1184.38 1473.76 16 1172.17 1559.21 88.3006
215 81 1220.28 1476.63 18 1212.38 1560.64 84.3790
216 67 1135.55 1209.53 56 1069.49 1468.02 303.3003
217 67 1135.55 1209.53 63 1112.57 1468.02 261.0448
218 78 1192.99 1210.97 77 1184.38 1473.76 262.9372
219 81 1220.28 1476.63 83 1233.27 1297.52 179.5885
220 82 1233.20 1215.27 83 1233.27 1297.52 82.2422
221 169 870.60 1167.17 45 818.90 1562.08 405.9495
222 51 1027.13 946.02 169 870.60 1167.17 276.0620
223 173 947.94 1278.49 155 645.14 1250.46 304.0953
224 160 713.87 1524.06 174 952.25 1519.75 238.4222
225 96 1371.57 1055.91 59 1088.85 1020.90 284.8806
226 59 1088.85 1020.90 163 733.60 976.92 357.9681
227 70 1159.24 1121.21 59 1088.85 1020.90 157.3128
228 57 1084.57 924.48 59 1088.85 1020.90 96.5235
229 69 1155.65 807.44 70 1159.24 1121.21 313.8071
230 84 1233.92 1126.96 85 1234.64 803.13 324.2744
